0.247
0.24
0.282
0.331
0.228
0.264
0.263
0.272
0.236
0.258
0.29
0.228
0.264
0.252
0.261
0.235
0.264
0.267
0.309
0.245
0.259
0.242
0.247
0.278
0.277
0.267
0.256
0.24
0.256
0.225
0.236
0.283
0.262
0.272
0.272
0.264
0.283
0.238
0.261
0.275
0.234
0.272
0.238
0.265
0.252
0.257
0.265
0.255
0.232
0.3
0.247
0.262
0.276
0.263
0.288
0.268
0.295
0.281
0.27
0.273
0.244
0.292
0.243
0.295
0.247
0.237
0.264
0.241
0.264
0.266
0.202
0.29
0.243
0.234
0.231
0.27
0.239
0.232
0.256
0.231
0.271
0.238
0.219
0.24
0.258
0.257
0.2
0.256
0.249
0.214
0.295
0.254
0.29
0.238
0.257
0.274
0.213
0.227
0.248
0.284
0.243
0.213
0.252
0.212
0.254
0.311
0.273
0.29
0.216
0.228
0.288
0.277
0.25
0.26
0.274
0.242
0.249
0.25
0.216
0.281
0.304
0.296
0.228
0.233
0.265